A	4.8	-39.53	-79.0
A	6.7	-39.53	-25.0
A	4.8	-26.0	-25.0
A	12.4	40.0	67.5
A	12.4	40.0	22.5
A	12.4	40.0	-22.5
A	12.4	40.0	-67.5
A	12.4	0.0	67.5
A	12.4	0.0	22.5
A	12.4	0.0	-22.5
A	12.4	0.0	-67.5
A	3.0	40.0	-59.8
A	3.0	40.0	-14.7
A	3.0	40.0	14.7
A	3.0	40.0	59.8
A	3.0	0.0	-59.8
A	3.0	0.0	-14.7
A	3.0	0.0	14.7
A	3.0	0.0	59.8
B	12.0	-18.0	3.0
C	12.0	-12.0	16.5
C	12.0	4.5	16.5
C	12.0	-12.0	34.83
C	12.0	4.5	34.83
C	12.0	-12.0	53.16
C	12.0	4.5	53.16
C	12.0	-12.0	71.49
C	12.0	4.5	71.49
C	12.0	-12.0	-16.5
C	12.0	4.5	-16.5
C	12.0	-12.0	-34.83
C	12.0	4.5	-34.83
C	12.0	-12.0	-53.16
C	12.0	4.5	-53.16
C	12.0	-12.0	-71.49
C	12.0	4.5	-71.49
D	12.0	-18.0	-3.0
D	12.0	0.0	-3.0
A	0	-43.35	-34.79	-24.65	-34.79
A	0	-43.35	-69.21000000000001	-43.35	-34.79
A	0	-24.65	-69.21000000000001	-24.65	-34.79
A	0	-43.35	-69.21000000000001	-24.65	-69.21000000000001
